-8.00137 -7.986 0.1
-8.00137 7.88305 0.1
7.88953 7.88305 0.1
7.88953 -7.986 0.1
0.741751 5.15761 0.1
0.741751 7.27819 0.1
4.84877 7.27819 0.1
4.84877 5.15761 0.1
-6.58986 4.06729 0.1
-6.58422 6.28429 0.1
-2.28165 6.16669 0.1
-2.40766 4.05249 0.1
5.31591 -0.646541 0.1
4.23742 -0.252697 0.1
2.49879 2.02674 0.1
2.53305 3.03927 0.1
3.51677 3.79071 0.1
4.40691 3.76312 0.1
6.61771 1.15282 0.1
6.59299 0.321439 0.1
-4.591 -1.77258 0.1
-6.79569 -1.63058 0.1
-6.56352 2.57824 0.1
-4.35883 2.43624 0.1
1.19432 -5.8365 0.1
1.19432 -3.62507 0.1
5.39186 -3.62507 0.1
5.39186 -5.8365 0.1
-4.79093 -5.91571 0.1
-4.77958 -3.80679 0.1
-0.478552 -3.82018 0.1
-0.607444 -6.13304 0.1
